################################################################################
# Figure 5 (FIG. 4.2) [Omega_LSP h^2 = 0.0045]                                 #
################################################################################
# Higgsino-like LSP mass mN1 as a function of the stop mass mst1 that          #
# reproduces Omega_LSP h^2 = 0.0045, for tan(beta) = 1.6 and mu < 0.           #
# The gaugino mass parameters, and all other scalar masses (except Mh), are    #
# set to 10 TeV.                                                               #
################################################################################
# Column 1 = Stop mass mst1 [GeV]                                              #
# Column 2 = Higgsino-like LSP mass mN1 [GeV]                                  #
################################################################################
2.807579999999999814e+02	2.741960000000000264e+02
2.770679999999999836e+02	2.316879999999999882e+02
3.107570000000000050e+02	2.089650000000000034e+02
3.421709999999999923e+02	2.007160000000000082e+02
3.712130000000000223e+02	1.972620000000000005e+02
3.982200000000000273e+02	1.956910000000000025e+02
4.236379999999999768e+02	1.949840000000000089e+02
4.476129999999999995e+02	1.947179999999999893e+02
4.704470000000000027e+02	1.946879999999999882e+02
4.922250000000000227e+02	1.947909999999999968e+02
5.131349999999999909e+02	1.949679999999999893e+02
5.332259999999999991e+02	1.951870000000000118e+02
5.526250000000000000e+02	1.954259999999999877e+02
5.713719999999999573e+02	1.956759999999999877e+02
5.895760000000000218e+02	1.959269999999999925e+02
6.072369999999999663e+02	1.961759999999999877e+02
6.244199999999999591e+02	1.964190000000000111e+02
6.411739999999999782e+02	1.966560000000000059e+02
6.575170000000000528e+02	1.968839999999999861e+02
6.734850000000000136e+02	1.970970000000000084e+02
6.890990000000000464e+02	1.973019999999999925e+02
7.043809999999999718e+02	1.974970000000000141e+02
7.193750000000000000e+02	1.976850000000000023e+02
7.340589999999999691e+02	1.978629999999999995e+02
7.484919999999999618e+02	1.980349999999999966e+02
7.626699999999999591e+02	1.981990000000000123e+02
7.766050000000000182e+02	1.983559999999999945e+02
7.903089999999999691e+02	1.985070000000000050e+02
8.038010000000000446e+02	1.986500000000000057e+02
8.170779999999999745e+02	1.987889999999999873e+02
8.301730000000000018e+02	1.989209999999999923e+02
8.430739999999999554e+02	1.990469999999999970e+02
8.558029999999999973e+02	1.991690000000000111e+02
8.683569999999999709e+02	1.992860000000000014e+02
8.807590000000000146e+02	1.993979999999999961e+02
8.929990000000000236e+02	1.995060000000000002e+02
9.050929999999999609e+02	1.996100000000000136e+02
9.170309999999999491e+02	1.997100000000000080e+02
9.288460000000000036e+02	1.998069999999999879e+02
9.405289999999999964e+02	1.998990000000000009e+02
9.520800000000000409e+02	1.999890000000000043e+02
9.635090000000000146e+02	2.000749999999999886e+02
9.748210000000000264e+02	2.001589999999999918e+02
9.860209999999999582e+02	2.002390000000000043e+02
9.971090000000000373e+02	2.003160000000000025e+02
1.008090000000000032e+03	2.003919999999999959e+02
1.018970000000000027e+03	2.004639999999999986e+02
1.029750000000000000e+03	2.005349999999999966e+02
1.040420000000000073e+03	2.006030000000000086e+02
1.051019999999999982e+03	2.006690000000000111e+02
1.061509999999999991e+03	2.007340000000000089e+02
1.071920000000000073e+03	2.007959999999999923e+02
1.082240000000000009e+03	2.008559999999999945e+02
1.092490000000000009e+03	2.009139999999999873e+02
1.102650000000000091e+03	2.009710000000000036e+02
1.112740000000000009e+03	2.010260000000000105e+02
1.122740000000000009e+03	2.010790000000000077e+02
1.132680000000000064e+03	2.011299999999999955e+02
1.142539999999999964e+03	2.011810000000000116e+02
1.152329999999999927e+03	2.012309999999999945e+02
1.162049999999999955e+03	2.012789999999999964e+02
1.171720000000000027e+03	2.013249999999999886e+02
1.181299999999999955e+03	2.013700000000000045e+02
1.190829999999999927e+03	2.014139999999999873e+02
1.200309999999999945e+03	2.014569999999999936e+02
1.209710000000000036e+03	2.015000000000000000e+02
1.219059999999999945e+03	2.015399999999999920e+02
1.228349999999999909e+03	2.015800000000000125e+02
1.237579999999999927e+03	2.016189999999999998e+02
1.246759999999999991e+03	2.016570000000000107e+02
1.255890000000000100e+03	2.016930000000000121e+02
1.264970000000000027e+03	2.017299999999999898e+02
1.273990000000000009e+03	2.017649999999999864e+02
1.282970000000000027e+03	2.017990000000000066e+02
1.291890000000000100e+03	2.018329999999999984e+02
1.300769999999999982e+03	2.018669999999999902e+02
1.309589999999999918e+03	2.018990000000000009e+02
1.318369999999999891e+03	2.019300000000000068e+02
1.327109999999999900e+03	2.019610000000000127e+02
1.335819999999999936e+03	2.019910000000000139e+02
1.344460000000000036e+03	2.020200000000000102e+02
1.353069999999999936e+03	2.020490000000000066e+02
1.361640000000000100e+03	2.020769999999999982e+02
1.370170000000000073e+03	2.021049999999999898e+02
1.378660000000000082e+03	2.021320000000000050e+02
1.387099999999999909e+03	2.021589999999999918e+02
1.395509999999999991e+03	2.021850000000000023e+02
1.403890000000000100e+03	2.022100000000000080e+02
1.412230000000000018e+03	2.022350000000000136e+02
1.420529999999999973e+03	2.022580000000000098e+02
1.428789999999999964e+03	2.022810000000000059e+02
1.437019999999999982e+03	2.023040000000000020e+02
1.445210000000000036e+03	2.023269999999999982e+02
1.453369999999999891e+03	2.023489999999999895e+02
1.461500000000000000e+03	2.023700000000000045e+02
1.469589999999999918e+03	2.023919999999999959e+02
1.477660000000000082e+03	2.024130000000000109e+02
1.485690000000000055e+03	2.024339999999999975e+02
1.493690000000000055e+03	2.024530000000000030e+02
1.501660000000000082e+03	2.024730000000000132e+02
1.509599999999999909e+03	2.024919999999999902e+02
1.517509999999999991e+03	2.025109999999999957e+02
1.525390000000000100e+03	2.025300000000000011e+02
1.533250000000000000e+03	2.025480000000000018e+02
1.541069999999999936e+03	2.025670000000000073e+02
1.548869999999999891e+03	2.025840000000000032e+02
1.556640000000000100e+03	2.026020000000000039e+02
1.564380000000000109e+03	2.026189999999999998e+02
1.572099999999999909e+03	2.026359999999999957e+02
1.579789999999999964e+03	2.026529999999999916e+02
1.587460000000000036e+03	2.026690000000000111e+02
1.595109999999999900e+03	2.026850000000000023e+02
1.602720000000000027e+03	2.027009999999999934e+02
1.610319999999999936e+03	2.027170000000000130e+02
1.617880000000000109e+03	2.027319999999999993e+02
1.625430000000000064e+03	2.027460000000000093e+02
1.632950000000000045e+03	2.027620000000000005e+02
1.640450000000000045e+03	2.027760000000000105e+02
1.647930000000000064e+03	2.027909999999999968e+02
1.655380000000000109e+03	2.028050000000000068e+02
1.662819999999999936e+03	2.028189999999999884e+02
1.670230000000000018e+03	2.028329999999999984e+02
1.677619999999999891e+03	2.028460000000000036e+02
1.684990000000000009e+03	2.028600000000000136e+02
1.692329999999999927e+03	2.028729999999999905e+02
1.699660000000000082e+03	2.028859999999999957e+02
1.706970000000000027e+03	2.028990000000000009e+02
1.714250000000000000e+03	2.029110000000000014e+02
1.721519999999999982e+03	2.029230000000000018e+02
1.728769999999999982e+03	2.029350000000000023e+02
1.736000000000000000e+03	2.029480000000000075e+02
1.743210000000000036e+03	2.029600000000000080e+02
1.750400000000000091e+03	2.029710000000000036e+02
1.757579999999999927e+03	2.029819999999999993e+02
1.764730000000000018e+03	2.029950000000000045e+02
1.771869999999999891e+03	2.030060000000000002e+02
1.778990000000000009e+03	2.030159999999999911e+02
1.786089999999999918e+03	2.030269999999999868e+02
1.793180000000000064e+03	2.030389999999999873e+02
1.800250000000000000e+03	2.030490000000000066e+02
1.807299999999999955e+03	2.030600000000000023e+02
1.814339999999999918e+03	2.030699999999999932e+02
1.821349999999999909e+03	2.030800000000000125e+02
1.828359999999999900e+03	2.030900000000000034e+02
1.835349999999999909e+03	2.031009999999999991e+02
1.842319999999999936e+03	2.031100000000000136e+02
1.849269999999999982e+03	2.031200000000000045e+02
1.856210000000000036e+03	2.031289999999999907e+02
1.863140000000000100e+03	2.031390000000000100e+02
1.870049999999999955e+03	2.031479999999999961e+02
1.876940000000000055e+03	2.031570000000000107e+02
1.883829999999999927e+03	2.031670000000000016e+02
1.890690000000000055e+03	2.031759999999999877e+02
1.897539999999999964e+03	2.031850000000000023e+02
1.904380000000000109e+03	2.031939999999999884e+02
1.911210000000000036e+03	2.032019999999999982e+02
1.918019999999999982e+03	2.032110000000000127e+02
1.924809999999999945e+03	2.032189999999999941e+02
1.931599999999999909e+03	2.032280000000000086e+02
1.938369999999999891e+03	2.032359999999999900e+02
1.945119999999999891e+03	2.032439999999999998e+02
1.951869999999999891e+03	2.032520000000000095e+02
1.958599999999999909e+03	2.032599999999999909e+02
1.965309999999999945e+03	2.032680000000000007e+02
1.972019999999999982e+03	2.032760000000000105e+02
1.978720000000000027e+03	2.032829999999999870e+02
1.985400000000000091e+03	2.032909999999999968e+02
1.992059999999999945e+03	2.032990000000000066e+02
1.998720000000000027e+03	2.033060000000000116e+02
2.005369999999999891e+03	2.033139999999999930e+02
2.012000000000000000e+03	2.033209999999999980e+02
2.018619999999999891e+03	2.033280000000000030e+02
2.025230000000000018e+03	2.033350000000000080e+02
2.031829999999999927e+03	2.033429999999999893e+02
2.038410000000000082e+03	2.033499999999999943e+02
2.044990000000000009e+03	2.033569999999999993e+02
2.051550000000000182e+03	2.033640000000000043e+02
2.058110000000000127e+03	2.033700000000000045e+02
2.064650000000000091e+03	2.033760000000000048e+02
2.071190000000000055e+03	2.033830000000000098e+02
2.077710000000000036e+03	2.033899999999999864e+02
2.084219999999999800e+03	2.033959999999999866e+02
2.090719999999999800e+03	2.034029999999999916e+02
2.097210000000000036e+03	2.034089999999999918e+02
2.103690000000000055e+03	2.034149999999999920e+02
2.110159999999999854e+03	2.034219999999999970e+02
2.116619999999999891e+03	2.034279999999999973e+02
2.123070000000000164e+03	2.034329999999999927e+02
2.129510000000000218e+03	2.034389999999999930e+02
2.135940000000000055e+03	2.034459999999999980e+02
2.142360000000000127e+03	2.034519999999999982e+02
2.148780000000000200e+03	2.034579999999999984e+02
2.155179999999999836e+03	2.034639999999999986e+02
2.161570000000000164e+03	2.034689999999999941e+02
2.167960000000000036e+03	2.034739999999999895e+02
2.174329999999999927e+03	2.034799999999999898e+02
2.180699999999999818e+03	2.034859999999999900e+02
2.187059999999999945e+03	2.034919999999999902e+02
2.193409999999999854e+03	2.034970000000000141e+02
2.199750000000000000e+03	2.035020000000000095e+02
2.206070000000000164e+03	2.035070000000000050e+02
2.212400000000000091e+03	2.035130000000000052e+02
2.218710000000000036e+03	2.035180000000000007e+02
2.225019999999999982e+03	2.035229999999999961e+02
2.231309999999999945e+03	2.035279999999999916e+02
2.237599999999999909e+03	2.035329999999999870e+02
2.243880000000000109e+03	2.035389999999999873e+02
2.250150000000000091e+03	2.035440000000000111e+02
2.256420000000000073e+03	2.035480000000000018e+02
2.262679999999999836e+03	2.035529999999999973e+02
2.268929999999999836e+03	2.035579999999999927e+02
2.275159999999999854e+03	2.035639999999999930e+02
2.281400000000000091e+03	2.035680000000000121e+02
2.287619999999999891e+03	2.035730000000000075e+02
2.293840000000000146e+03	2.035780000000000030e+02
2.300050000000000182e+03	2.035809999999999889e+02
2.306250000000000000e+03	2.035860000000000127e+02
2.312449999999999818e+03	2.035910000000000082e+02
2.318639999999999873e+03	2.035960000000000036e+02
2.324820000000000164e+03	2.035999999999999943e+02
2.330989999999999782e+03	2.036049999999999898e+02
2.337159999999999854e+03	2.036090000000000089e+02
2.343309999999999945e+03	2.036129999999999995e+02
2.349469999999999800e+03	2.036179999999999950e+02
2.355610000000000127e+03	2.036220000000000141e+02
2.361750000000000000e+03	2.036260000000000048e+02
2.367880000000000109e+03	2.036299999999999955e+02
2.374010000000000218e+03	2.036349999999999909e+02
2.380130000000000109e+03	2.036380000000000052e+02
2.386239999999999782e+03	2.036430000000000007e+02
2.392340000000000146e+03	2.036469999999999914e+02
2.398440000000000055e+03	2.036510000000000105e+02
2.404530000000000200e+03	2.036550000000000011e+02
2.410610000000000127e+03	2.036589999999999918e+02
2.416690000000000055e+03	2.036630000000000109e+02
2.422769999999999982e+03	2.036670000000000016e+02
2.428829999999999927e+03	2.036709999999999923e+02
2.434889999999999873e+03	2.036740000000000066e+02
2.440940000000000055e+03	2.036790000000000020e+02
2.446989999999999782e+03	2.036829999999999927e+02
2.453030000000000200e+03	2.036860000000000070e+02
2.459070000000000164e+03	2.036899999999999977e+02
2.465099999999999909e+03	2.036930000000000121e+02
2.471119999999999891e+03	2.036970000000000027e+02
2.477139999999999873e+03	2.037009999999999934e+02
2.483150000000000091e+03	2.037040000000000077e+02
2.489159999999999854e+03	2.037079999999999984e+02
2.495159999999999854e+03	2.037110000000000127e+02
2.501150000000000091e+03	2.037150000000000034e+02
2.507139999999999873e+03	2.037189999999999941e+02
2.513119999999999891e+03	2.037220000000000084e+02
2.519099999999999909e+03	2.037259999999999991e+02
2.525070000000000164e+03	2.037290000000000134e+02
2.531039999999999964e+03	2.037319999999999993e+02
2.537000000000000000e+03	2.037350000000000136e+02
2.542960000000000036e+03	2.037390000000000043e+02
2.548909999999999854e+03	2.037419999999999902e+02
2.554860000000000127e+03	2.037450000000000045e+02
2.560789999999999964e+03	2.037489999999999952e+02
2.566730000000000018e+03	2.037520000000000095e+02
2.572659999999999854e+03	2.037549999999999955e+02
2.578579999999999927e+03	2.037580000000000098e+02
2.584500000000000000e+03	2.037620000000000005e+02
2.590420000000000073e+03	2.037640000000000100e+02
2.596329999999999927e+03	2.037680000000000007e+02
2.602230000000000018e+03	2.037700000000000102e+02
2.608130000000000109e+03	2.037740000000000009e+02
2.614019999999999982e+03	2.037769999999999868e+02
2.619920000000000073e+03	2.037800000000000011e+02
2.625800000000000182e+03	2.037829999999999870e+02
2.631679999999999836e+03	2.037860000000000014e+02
2.637550000000000182e+03	2.037880000000000109e+02
2.643429999999999836e+03	2.037920000000000016e+02
2.649289999999999964e+03	2.037940000000000111e+02
2.655150000000000091e+03	2.037980000000000018e+02
2.661010000000000218e+03	2.038000000000000114e+02
2.666860000000000127e+03	2.038029999999999973e+02
2.672710000000000036e+03	2.038060000000000116e+02
2.678550000000000182e+03	2.038089999999999975e+02
2.684389999999999873e+03	2.038110000000000070e+02
2.690230000000000018e+03	2.038149999999999977e+02
2.696059999999999945e+03	2.038170000000000073e+02
2.701880000000000109e+03	2.038199999999999932e+02
2.707699999999999818e+03	2.038220000000000027e+02
2.713519999999999982e+03	2.038259999999999934e+02
2.719329999999999927e+03	2.038280000000000030e+02
2.725139999999999873e+03	2.038309999999999889e+02
2.730940000000000055e+03	2.038329999999999984e+02
2.736739999999999782e+03	2.038360000000000127e+02
2.742539999999999964e+03	2.038389999999999986e+02
2.748329999999999927e+03	2.038420000000000130e+02
2.754119999999999891e+03	2.038439999999999941e+02
2.759900000000000091e+03	2.038460000000000036e+02
2.765679999999999836e+03	2.038489999999999895e+02
2.771460000000000036e+03	2.038509999999999991e+02
2.777230000000000018e+03	2.038540000000000134e+02
2.782989999999999782e+03	2.038559999999999945e+02
2.788760000000000218e+03	2.038590000000000089e+02
2.794519999999999982e+03	2.038609999999999900e+02
2.800269999999999982e+03	2.038629999999999995e+02
2.806030000000000200e+03	2.038660000000000139e+02
2.811769999999999982e+03	2.038679999999999950e+02
2.817519999999999982e+03	2.038710000000000093e+02
2.823260000000000218e+03	2.038729999999999905e+02
2.828989999999999782e+03	2.038750000000000000e+02
2.834730000000000018e+03	2.038779999999999859e+02
2.840460000000000036e+03	2.038799999999999955e+02
2.846179999999999836e+03	2.038830000000000098e+02
2.851900000000000091e+03	2.038849999999999909e+02
2.857619999999999891e+03	2.038859999999999957e+02
2.863340000000000146e+03	2.038890000000000100e+02
2.869050000000000182e+03	2.038909999999999911e+02
2.874760000000000218e+03	2.038940000000000055e+02
2.880460000000000036e+03	2.038959999999999866e+02
2.886159999999999854e+03	2.038979999999999961e+02
2.891860000000000127e+03	2.039000000000000057e+02
2.897550000000000182e+03	2.039019999999999868e+02
2.903239999999999782e+03	2.039039999999999964e+02
2.908929999999999836e+03	2.039070000000000107e+02
2.914610000000000127e+03	2.039079999999999870e+02
2.920289999999999964e+03	2.039110000000000014e+02
2.925969999999999800e+03	2.039130000000000109e+02
2.931639999999999873e+03	2.039149999999999920e+02
2.937309999999999945e+03	2.039180000000000064e+02
2.942980000000000018e+03	2.039190000000000111e+02
2.948650000000000091e+03	2.039209999999999923e+02
2.954309999999999945e+03	2.039230000000000018e+02
2.959960000000000036e+03	2.039250000000000114e+02
2.965619999999999891e+03	2.039269999999999925e+02
2.971269999999999982e+03	2.039300000000000068e+02
2.976920000000000073e+03	2.039310000000000116e+02
2.982559999999999945e+03	2.039329999999999927e+02
2.988199999999999818e+03	2.039360000000000070e+02
2.993840000000000146e+03	2.039370000000000118e+02
2.999480000000000018e+03	2.039389999999999930e+02
3.005110000000000127e+03	2.039410000000000025e+02
3.010739999999999782e+03	2.039430000000000121e+02
3.016369999999999891e+03	2.039439999999999884e+02
3.021989999999999782e+03	2.039470000000000027e+02
3.027610000000000127e+03	2.039490000000000123e+02
3.033230000000000018e+03	2.039499999999999886e+02
3.038840000000000146e+03	2.039530000000000030e+02
3.044460000000000036e+03	2.039540000000000077e+02
3.050059999999999945e+03	2.039559999999999889e+02
3.055670000000000073e+03	2.039579999999999984e+02
3.061269999999999982e+03	2.039600000000000080e+02
3.066869999999999891e+03	2.039610000000000127e+02
3.072469999999999800e+03	2.039629999999999939e+02
3.078070000000000164e+03	2.039650000000000034e+02
3.083659999999999854e+03	2.039670000000000130e+02
3.089250000000000000e+03	2.039679999999999893e+02
3.094829999999999927e+03	2.039710000000000036e+02
3.100420000000000073e+03	2.039720000000000084e+02
3.106000000000000000e+03	2.039730000000000132e+02
3.111579999999999927e+03	2.039749999999999943e+02
3.117150000000000091e+03	2.039770000000000039e+02
3.122730000000000018e+03	2.039790000000000134e+02
3.128300000000000182e+03	2.039799999999999898e+02
3.133869999999999891e+03	2.039819999999999993e+02
3.139429999999999836e+03	2.039840000000000089e+02
3.144989999999999782e+03	2.039850000000000136e+02
3.150550000000000182e+03	2.039869999999999948e+02
3.156110000000000127e+03	2.039890000000000043e+02
3.161670000000000073e+03	2.039910000000000139e+02
3.167219999999999800e+03	2.039919999999999902e+02
3.172769999999999982e+03	2.039929999999999950e+02
3.178320000000000164e+03	2.039960000000000093e+02
3.183860000000000127e+03	2.039970000000000141e+02
3.189400000000000091e+03	2.039979999999999905e+02
3.194940000000000055e+03	2.040000000000000000e+02
3.200480000000000018e+03	2.040020000000000095e+02
3.206019999999999982e+03	2.040029999999999859e+02
3.211550000000000182e+03	2.040049999999999955e+02
3.217079999999999927e+03	2.040060000000000002e+02
3.222610000000000127e+03	2.040080000000000098e+02
3.228130000000000109e+03	2.040099999999999909e+02
3.233659999999999854e+03	2.040109999999999957e+02
3.239179999999999836e+03	2.040120000000000005e+02
3.244699999999999818e+03	2.040130000000000052e+02
3.250210000000000036e+03	2.040159999999999911e+02
3.255730000000000018e+03	2.040169999999999959e+02
3.261239999999999782e+03	2.040180000000000007e+02
3.266750000000000000e+03	2.040190000000000055e+02
3.272250000000000000e+03	2.040219999999999914e+02
3.277760000000000218e+03	2.040229999999999961e+02
3.283260000000000218e+03	2.040240000000000009e+02
3.288760000000000218e+03	2.040250000000000057e+02
3.294260000000000218e+03	2.040269999999999868e+02
3.299760000000000218e+03	2.040289999999999964e+02
3.305250000000000000e+03	2.040300000000000011e+02
3.310739999999999782e+03	2.040310000000000059e+02
3.316230000000000018e+03	2.040320000000000107e+02
3.321719999999999800e+03	2.040339999999999918e+02
3.327199999999999818e+03	2.040360000000000014e+02
3.332690000000000055e+03	2.040370000000000061e+02
3.338170000000000073e+03	2.040380000000000109e+02
3.343650000000000091e+03	2.040389999999999873e+02
3.349119999999999891e+03	2.040409999999999968e+02
3.354599999999999909e+03	2.040430000000000064e+02
3.360070000000000164e+03	2.040440000000000111e+02
3.365539999999999964e+03	2.040449999999999875e+02
3.371010000000000218e+03	2.040459999999999923e+02
3.376480000000000018e+03	2.040469999999999970e+02
3.381940000000000055e+03	2.040480000000000018e+02
3.387400000000000091e+03	2.040509999999999877e+02
3.392860000000000127e+03	2.040519999999999925e+02
3.398320000000000164e+03	2.040529999999999973e+02
3.403780000000000200e+03	2.040540000000000020e+02
3.409230000000000018e+03	2.040550000000000068e+02
3.414690000000000055e+03	2.040560000000000116e+02
3.420139999999999873e+03	2.040579999999999927e+02
3.425590000000000146e+03	2.040589999999999975e+02
3.431030000000000200e+03	2.040600000000000023e+02
3.436480000000000018e+03	2.040620000000000118e+02
3.441920000000000073e+03	2.040629999999999882e+02
3.447360000000000127e+03	2.040639999999999930e+02
3.452800000000000182e+03	2.040660000000000025e+02
3.458239999999999782e+03	2.040670000000000073e+02
3.463670000000000073e+03	2.040680000000000121e+02
3.469110000000000127e+03	2.040689999999999884e+02
3.474539999999999964e+03	2.040699999999999932e+02
3.479969999999999800e+03	2.040709999999999980e+02
3.485400000000000091e+03	2.040720000000000027e+02
3.490829999999999927e+03	2.040740000000000123e+02
3.496250000000000000e+03	2.040749999999999886e+02
3.501670000000000073e+03	2.040759999999999934e+02
3.507090000000000146e+03	2.040769999999999982e+02
3.512510000000000218e+03	2.040780000000000030e+02
3.517929999999999836e+03	2.040790000000000077e+02
3.523349999999999909e+03	2.040800000000000125e+02
3.528760000000000218e+03	2.040819999999999936e+02
3.534170000000000073e+03	2.040829999999999984e+02
3.539579999999999927e+03	2.040840000000000032e+02
3.544989999999999782e+03	2.040850000000000080e+02
3.550400000000000091e+03	2.040860000000000127e+02
3.555809999999999945e+03	2.040869999999999891e+02
3.561210000000000036e+03	2.040879999999999939e+02
3.566610000000000127e+03	2.040889999999999986e+02
3.572010000000000218e+03	2.040900000000000034e+02
3.577409999999999854e+03	2.040920000000000130e+02
3.582809999999999945e+03	2.040929999999999893e+02
3.588210000000000036e+03	2.040939999999999941e+02
3.593599999999999909e+03	2.040949999999999989e+02
3.598989999999999782e+03	2.040960000000000036e+02
3.604380000000000109e+03	2.040970000000000084e+02
3.609769999999999982e+03	2.040980000000000132e+02
3.615159999999999854e+03	2.040989999999999895e+02
3.620550000000000182e+03	2.040999999999999943e+02
3.625929999999999836e+03	2.041020000000000039e+02
3.631309999999999945e+03	2.041030000000000086e+02
3.636690000000000055e+03	2.041040000000000134e+02
3.642070000000000164e+03	2.041049999999999898e+02
3.647449999999999818e+03	2.041059999999999945e+02
3.652829999999999927e+03	2.041069999999999993e+02
3.658199999999999818e+03	2.041080000000000041e+02
3.663579999999999927e+03	2.041090000000000089e+02
3.668949999999999818e+03	2.041100000000000136e+02
3.674320000000000164e+03	2.041100000000000136e+02
3.679690000000000055e+03	2.041109999999999900e+02
3.685059999999999945e+03	2.041129999999999995e+02
3.690420000000000073e+03	2.041140000000000043e+02
3.695789999999999964e+03	2.041150000000000091e+02
3.701150000000000091e+03	2.041160000000000139e+02
3.706510000000000218e+03	2.041169999999999902e+02
3.711869999999999891e+03	2.041179999999999950e+02
3.717230000000000018e+03	2.041189999999999998e+02
3.722590000000000146e+03	2.041200000000000045e+02
3.727940000000000055e+03	2.041200000000000045e+02
3.733300000000000182e+03	2.041210000000000093e+02
3.738650000000000091e+03	2.041220000000000141e+02
3.744000000000000000e+03	2.041229999999999905e+02
3.749349999999999909e+03	2.041239999999999952e+02
3.754699999999999818e+03	2.041250000000000000e+02
3.760050000000000182e+03	2.041260000000000048e+02
3.765400000000000091e+03	2.041270000000000095e+02
3.770739999999999782e+03	2.041279999999999859e+02
3.776079999999999927e+03	2.041289999999999907e+02
3.781429999999999836e+03	2.041299999999999955e+02
3.786769999999999982e+03	2.041310000000000002e+02
3.792110000000000127e+03	2.041320000000000050e+02
3.797440000000000055e+03	2.041330000000000098e+02
3.802780000000000200e+03	2.041339999999999861e+02
3.808110000000000127e+03	2.041349999999999909e+02
3.813449999999999818e+03	2.041349999999999909e+02
3.818780000000000200e+03	2.041359999999999957e+02
3.824110000000000127e+03	2.041370000000000005e+02
3.829440000000000055e+03	2.041380000000000052e+02
3.834769999999999982e+03	2.041390000000000100e+02
3.840099999999999909e+03	2.041399999999999864e+02
3.845420000000000073e+03	2.041399999999999864e+02
3.850750000000000000e+03	2.041409999999999911e+02
3.856070000000000164e+03	2.041419999999999959e+02
3.861389999999999873e+03	2.041430000000000007e+02
3.866719999999999800e+03	2.041440000000000055e+02
3.872039999999999964e+03	2.041450000000000102e+02
3.877349999999999909e+03	2.041450000000000102e+02
3.882670000000000073e+03	2.041459999999999866e+02
3.887989999999999782e+03	2.041469999999999914e+02
3.893300000000000182e+03	2.041479999999999961e+02
3.898619999999999891e+03	2.041490000000000009e+02
3.903929999999999836e+03	2.041500000000000057e+02
3.909239999999999782e+03	2.041510000000000105e+02
3.914550000000000182e+03	2.041510000000000105e+02
3.919860000000000127e+03	2.041529999999999916e+02
3.925159999999999854e+03	2.041539999999999964e+02
3.930469999999999800e+03	2.041550000000000011e+02
3.935780000000000200e+03	2.041550000000000011e+02
3.941079999999999927e+03	2.041560000000000059e+02
3.946380000000000109e+03	2.041570000000000107e+02
3.951679999999999836e+03	2.041579999999999870e+02
3.956980000000000018e+03	2.041589999999999918e+02
3.962280000000000200e+03	2.041589999999999918e+02
3.967579999999999927e+03	2.041599999999999966e+02
3.972880000000000109e+03	2.041610000000000014e+02
3.978170000000000073e+03	2.041620000000000061e+02
3.983469999999999800e+03	2.041620000000000061e+02
3.988760000000000218e+03	2.041620000000000061e+02
3.994059999999999945e+03	2.041639999999999873e+02
3.999349999999999909e+03	2.041649999999999920e+02
4.004639999999999873e+03	2.041659999999999968e+02
4.009929999999999836e+03	2.041659999999999968e+02
4.015210000000000036e+03	2.041670000000000016e+02
4.020500000000000000e+03	2.041680000000000064e+02
4.025789999999999964e+03	2.041680000000000064e+02
4.031070000000000164e+03	2.041690000000000111e+02
4.036349999999999909e+03	2.041690000000000111e+02
4.041639999999999873e+03	2.041699999999999875e+02
4.046920000000000073e+03	2.041709999999999923e+02
4.052199999999999818e+03	2.041709999999999923e+02
4.057480000000000018e+03	2.041719999999999970e+02
4.062760000000000218e+03	2.041730000000000018e+02
4.068030000000000200e+03	2.041740000000000066e+02
4.073309999999999945e+03	2.041750000000000114e+02
4.078579999999999927e+03	2.041750000000000114e+02
4.083860000000000127e+03	2.041759999999999877e+02
4.089130000000000109e+03	2.041769999999999925e+02
4.094400000000000091e+03	2.041769999999999925e+02
4.099670000000000073e+03	2.041779999999999973e+02
4.104939999999999600e+03	2.041790000000000020e+02
4.110210000000000036e+03	2.041800000000000068e+02
4.115479999999999563e+03	2.041800000000000068e+02
4.120750000000000000e+03	2.041810000000000116e+02
4.126010000000000218e+03	2.041819999999999879e+02
4.131279999999999745e+03	2.041829999999999927e+02
4.136539999999999964e+03	2.041829999999999927e+02
4.141800000000000182e+03	2.041839999999999975e+02
4.147069999999999709e+03	2.041850000000000023e+02
4.152329999999999927e+03	2.041850000000000023e+02
4.157590000000000146e+03	2.041860000000000070e+02
4.162850000000000364e+03	2.041870000000000118e+02
4.168100000000000364e+03	2.041879999999999882e+02
4.173359999999999673e+03	2.041879999999999882e+02
4.178619999999999891e+03	2.041889999999999930e+02
4.183869999999999891e+03	2.041889999999999930e+02
4.189119999999999891e+03	2.041899999999999977e+02
4.194380000000000109e+03	2.041899999999999977e+02
4.199630000000000109e+03	2.041910000000000025e+02
4.204880000000000109e+03	2.041920000000000073e+02
4.210130000000000109e+03	2.041920000000000073e+02
4.215380000000000109e+03	2.041930000000000121e+02
4.220630000000000109e+03	2.041939999999999884e+02
4.225880000000000109e+03	2.041939999999999884e+02
4.231119999999999891e+03	2.041949999999999932e+02
4.236369999999999891e+03	2.041959999999999980e+02
4.241609999999999673e+03	2.041970000000000027e+02
4.246859999999999673e+03	2.041970000000000027e+02
4.252100000000000364e+03	2.041980000000000075e+02
4.257340000000000146e+03	2.041990000000000123e+02
4.262579999999999927e+03	2.041990000000000123e+02
4.267819999999999709e+03	2.041990000000000123e+02
4.273060000000000400e+03	2.041999999999999886e+02
4.278300000000000182e+03	2.042009999999999934e+02
4.283539999999999964e+03	2.042009999999999934e+02
4.288779999999999745e+03	2.042019999999999982e+02
4.294010000000000218e+03	2.042019999999999982e+02
4.299250000000000000e+03	2.042030000000000030e+02
4.304479999999999563e+03	2.042040000000000077e+02
4.309710000000000036e+03	2.042050000000000125e+02
4.314949999999999818e+03	2.042050000000000125e+02
4.320180000000000291e+03	2.042059999999999889e+02
4.325409999999999854e+03	2.042069999999999936e+02
4.330640000000000327e+03	2.042069999999999936e+02
4.335869999999999891e+03	2.042069999999999936e+02
4.341100000000000364e+03	2.042079999999999984e+02
4.346319999999999709e+03	2.042079999999999984e+02
4.351550000000000182e+03	2.042090000000000032e+02
4.356770000000000437e+03	2.042100000000000080e+02
4.362000000000000000e+03	2.042100000000000080e+02
4.367220000000000255e+03	2.042110000000000127e+02
4.372449999999999818e+03	2.042119999999999891e+02
4.377670000000000073e+03	2.042119999999999891e+02
4.382890000000000327e+03	2.042129999999999939e+02
4.388109999999999673e+03	2.042139999999999986e+02
4.393329999999999927e+03	2.042129999999999939e+02
4.398550000000000182e+03	2.042139999999999986e+02
4.403770000000000437e+03	2.042150000000000034e+02
4.408979999999999563e+03	2.042160000000000082e+02
4.414199999999999818e+03	2.042160000000000082e+02
4.419420000000000073e+03	2.042170000000000130e+02
4.424630000000000109e+03	2.042170000000000130e+02
4.429850000000000364e+03	2.042179999999999893e+02
4.435060000000000400e+03	2.042189999999999941e+02
4.440270000000000437e+03	2.042189999999999941e+02
4.445479999999999563e+03	2.042189999999999941e+02
4.450689999999999600e+03	2.042199999999999989e+02
4.455909999999999854e+03	2.042199999999999989e+02
4.461109999999999673e+03	2.042210000000000036e+02
4.466319999999999709e+03	2.042220000000000084e+02
4.471529999999999745e+03	2.042220000000000084e+02
4.476739999999999782e+03	2.042230000000000132e+02
4.481939999999999600e+03	2.042239999999999895e+02
4.487149999999999636e+03	2.042239999999999895e+02
4.492359999999999673e+03	2.042239999999999895e+02
4.497560000000000400e+03	2.042249999999999943e+02
4.502760000000000218e+03	2.042249999999999943e+02
4.507970000000000255e+03	2.042259999999999991e+02
4.513170000000000073e+03	2.042259999999999991e+02
4.518369999999999891e+03	2.042270000000000039e+02
4.523569999999999709e+03	2.042280000000000086e+02
4.528770000000000437e+03	2.042290000000000134e+02
4.533970000000000255e+03	2.042280000000000086e+02
4.539170000000000073e+03	2.042290000000000134e+02
4.544369999999999891e+03	2.042290000000000134e+02
4.549560000000000400e+03	2.042299999999999898e+02
4.554760000000000218e+03	2.042309999999999945e+02
4.559949999999999818e+03	2.042309999999999945e+02
4.565149999999999636e+03	2.042319999999999993e+02
4.570340000000000146e+03	2.042330000000000041e+02
4.575539999999999964e+03	2.042319999999999993e+02
4.580729999999999563e+03	2.042330000000000041e+02
4.585920000000000073e+03	2.042330000000000041e+02
4.591109999999999673e+03	2.042340000000000089e+02
4.596300000000000182e+03	2.042350000000000136e+02
4.601489999999999782e+03	2.042350000000000136e+02
4.606680000000000291e+03	2.042359999999999900e+02
4.611869999999999891e+03	2.042359999999999900e+02
4.617060000000000400e+03	2.042359999999999900e+02
4.622250000000000000e+03	2.042369999999999948e+02
4.627430000000000291e+03	2.042379999999999995e+02
4.632619999999999891e+03	2.042379999999999995e+02
4.637800000000000182e+03	2.042390000000000043e+02
4.642989999999999782e+03	2.042390000000000043e+02
4.648170000000000073e+03	2.042390000000000043e+02
4.653350000000000364e+03	2.042400000000000091e+02
4.658539999999999964e+03	2.042400000000000091e+02
4.663720000000000255e+03	2.042410000000000139e+02
4.668899999999999636e+03	2.042410000000000139e+02
4.674079999999999927e+03	2.042419999999999902e+02
4.679260000000000218e+03	2.042419999999999902e+02
4.684439999999999600e+03	2.042419999999999902e+02
4.689619999999999891e+03	2.042429999999999950e+02
4.694800000000000182e+03	2.042439999999999998e+02
4.699970000000000255e+03	2.042439999999999998e+02
4.705149999999999636e+03	2.042450000000000045e+02
4.710329999999999927e+03	2.042450000000000045e+02
4.715500000000000000e+03	2.042450000000000045e+02
4.720680000000000291e+03	2.042460000000000093e+02
4.725850000000000364e+03	2.042460000000000093e+02
4.731020000000000437e+03	2.042470000000000141e+02
4.736199999999999818e+03	2.042479999999999905e+02
4.741369999999999891e+03	2.042479999999999905e+02
4.746539999999999964e+03	2.042479999999999905e+02
4.751710000000000036e+03	2.042479999999999905e+02
4.756880000000000109e+03	2.042489999999999952e+02
4.762050000000000182e+03	2.042500000000000000e+02
4.767220000000000255e+03	2.042500000000000000e+02
4.772390000000000327e+03	2.042510000000000048e+02
4.777560000000000400e+03	2.042500000000000000e+02
4.782720000000000255e+03	2.042510000000000048e+02
4.787890000000000327e+03	2.042520000000000095e+02
4.793060000000000400e+03	2.042520000000000095e+02
4.798220000000000255e+03	2.042529999999999859e+02
4.803390000000000327e+03	2.042539999999999907e+02
4.808550000000000182e+03	2.042529999999999859e+02
4.813710000000000036e+03	2.042539999999999907e+02
4.818880000000000109e+03	2.042539999999999907e+02
4.824039999999999964e+03	2.042549999999999955e+02
4.829199999999999818e+03	2.042549999999999955e+02
4.834359999999999673e+03	2.042549999999999955e+02
4.839520000000000437e+03	2.042560000000000002e+02
4.844680000000000291e+03	2.042560000000000002e+02
4.849840000000000146e+03	2.042570000000000050e+02
4.855000000000000000e+03	2.042580000000000098e+02
4.860159999999999854e+03	2.042570000000000050e+02
4.865319999999999709e+03	2.042580000000000098e+02
4.870479999999999563e+03	2.042580000000000098e+02
4.875630000000000109e+03	2.042589999999999861e+02
4.880789999999999964e+03	2.042589999999999861e+02
4.885949999999999818e+03	2.042599999999999909e+02
4.891100000000000364e+03	2.042599999999999909e+02
4.896260000000000218e+03	2.042599999999999909e+02
4.901409999999999854e+03	2.042609999999999957e+02
4.906560000000000400e+03	2.042609999999999957e+02
4.911720000000000255e+03	2.042620000000000005e+02
4.916869999999999891e+03	2.042620000000000005e+02
4.922020000000000437e+03	2.042620000000000005e+02
4.927170000000000073e+03	2.042630000000000052e+02
4.932319999999999709e+03	2.042630000000000052e+02
4.937470000000000255e+03	2.042640000000000100e+02
4.942619999999999891e+03	2.042640000000000100e+02
4.947770000000000437e+03	2.042640000000000100e+02
4.952920000000000073e+03	2.042649999999999864e+02
4.958069999999999709e+03	2.042649999999999864e+02
4.963220000000000255e+03	2.042659999999999911e+02
4.968359999999999673e+03	2.042659999999999911e+02
4.973510000000000218e+03	2.042659999999999911e+02
4.978649999999999636e+03	2.042669999999999959e+02
4.983800000000000182e+03	2.042669999999999959e+02
4.988939999999999600e+03	2.042680000000000007e+02
4.994090000000000146e+03	2.042669999999999959e+02
4.999229999999999563e+03	2.042680000000000007e+02
5.004369999999999891e+03	2.042690000000000055e+02
5.009520000000000437e+03	2.042690000000000055e+02
5.014659999999999854e+03	2.042700000000000102e+02
5.019800000000000182e+03	2.042690000000000055e+02
5.024939999999999600e+03	2.042700000000000102e+02
5.030079999999999927e+03	2.042709999999999866e+02
5.035220000000000255e+03	2.042709999999999866e+02
5.040359999999999673e+03	2.042719999999999914e+02
5.045500000000000000e+03	2.042709999999999866e+02
5.050640000000000327e+03	2.042719999999999914e+02
5.055779999999999745e+03	2.042729999999999961e+02
5.060920000000000073e+03	2.042729999999999961e+02
5.066050000000000182e+03	2.042729999999999961e+02
5.071189999999999600e+03	2.042729999999999961e+02
5.076329999999999927e+03	2.042740000000000009e+02
5.081460000000000036e+03	2.042740000000000009e+02
5.086600000000000364e+03	2.042750000000000057e+02
5.091729999999999563e+03	2.042750000000000057e+02
5.096869999999999891e+03	2.042750000000000057e+02
5.102000000000000000e+03	2.042760000000000105e+02
5.107130000000000109e+03	2.042760000000000105e+02
5.112270000000000437e+03	2.042760000000000105e+02
5.117399999999999636e+03	2.042769999999999868e+02
5.122529999999999745e+03	2.042769999999999868e+02
5.127659999999999854e+03	2.042779999999999916e+02
5.132789999999999964e+03	2.042769999999999868e+02
5.137920000000000073e+03	2.042779999999999916e+02
5.143050000000000182e+03	2.042779999999999916e+02
5.148180000000000291e+03	2.042789999999999964e+02
5.153310000000000400e+03	2.042800000000000011e+02
5.158439999999999600e+03	2.042789999999999964e+02
5.163569999999999709e+03	2.042800000000000011e+02
5.168689999999999600e+03	2.042800000000000011e+02
5.173819999999999709e+03	2.042810000000000059e+02
5.178949999999999818e+03	2.042810000000000059e+02
5.184069999999999709e+03	2.042810000000000059e+02
5.189199999999999818e+03	2.042820000000000107e+02
5.194319999999999709e+03	2.042820000000000107e+02
5.199449999999999818e+03	2.042820000000000107e+02
5.204569999999999709e+03	2.042820000000000107e+02
5.209699999999999818e+03	2.042829999999999870e+02
5.214819999999999709e+03	2.042839999999999918e+02
5.219939999999999600e+03	2.042829999999999870e+02
5.225069999999999709e+03	2.042839999999999918e+02
5.230189999999999600e+03	2.042839999999999918e+02
5.235310000000000400e+03	2.042849999999999966e+02
5.240430000000000291e+03	2.042849999999999966e+02
5.245550000000000182e+03	2.042849999999999966e+02
5.250670000000000073e+03	2.042860000000000014e+02
5.255789999999999964e+03	2.042860000000000014e+02
5.260909999999999854e+03	2.042860000000000014e+02
5.266029999999999745e+03	2.042860000000000014e+02
5.271149999999999636e+03	2.042870000000000061e+02
5.276260000000000218e+03	2.042870000000000061e+02
5.281380000000000109e+03	2.042870000000000061e+02
5.286500000000000000e+03	2.042880000000000109e+02
5.291619999999999891e+03	2.042880000000000109e+02
5.296729999999999563e+03	2.042889999999999873e+02
5.301850000000000364e+03	2.042880000000000109e+02
5.306960000000000036e+03	2.042889999999999873e+02
5.312079999999999927e+03	2.042889999999999873e+02
5.317189999999999600e+03	2.042899999999999920e+02
5.322310000000000400e+03	2.042899999999999920e+02
5.327420000000000073e+03	2.042899999999999920e+02
5.332529999999999745e+03	2.042909999999999968e+02
5.337649999999999636e+03	2.042909999999999968e+02
5.342760000000000218e+03	2.042909999999999968e+02
5.347869999999999891e+03	2.042909999999999968e+02
5.352979999999999563e+03	2.042920000000000016e+02
5.358090000000000146e+03	2.042930000000000064e+02
5.363210000000000036e+03	2.042920000000000016e+02
5.368310000000000400e+03	2.042930000000000064e+02
5.373430000000000291e+03	2.042930000000000064e+02
5.378529999999999745e+03	2.042940000000000111e+02
5.383640000000000327e+03	2.042940000000000111e+02
5.388750000000000000e+03	2.042940000000000111e+02
5.393859999999999673e+03	2.042940000000000111e+02
5.398970000000000255e+03	2.042940000000000111e+02
5.404079999999999927e+03	2.042949999999999875e+02
5.409180000000000291e+03	2.042949999999999875e+02
5.414289999999999964e+03	2.042959999999999923e+02
5.419399999999999636e+03	2.042949999999999875e+02
5.424500000000000000e+03	2.042959999999999923e+02
5.429609999999999673e+03	2.042959999999999923e+02
5.434710000000000036e+03	2.042959999999999923e+02
5.439819999999999709e+03	2.042969999999999970e+02
5.444920000000000073e+03	2.042969999999999970e+02
5.450029999999999745e+03	2.042980000000000018e+02
5.455130000000000109e+03	2.042969999999999970e+02
5.460229999999999563e+03	2.042980000000000018e+02
5.465340000000000146e+03	2.042990000000000066e+02
5.470439999999999600e+03	2.042990000000000066e+02
5.475539999999999964e+03	2.042990000000000066e+02
5.480640000000000327e+03	2.042990000000000066e+02
5.485739999999999782e+03	2.043000000000000114e+02
5.490840000000000146e+03	2.042990000000000066e+02
5.495939999999999600e+03	2.043000000000000114e+02
5.501039999999999964e+03	2.043009999999999877e+02
5.506140000000000327e+03	2.043009999999999877e+02
5.511239999999999782e+03	2.043000000000000114e+02
5.516340000000000146e+03	2.043009999999999877e+02
5.521439999999999600e+03	2.043019999999999925e+02
5.526539999999999964e+03	2.043009999999999877e+02
5.531640000000000327e+03	2.043019999999999925e+02
5.536729999999999563e+03	2.043019999999999925e+02
5.541829999999999927e+03	2.043029999999999973e+02
5.546930000000000291e+03	2.043019999999999925e+02
5.552020000000000437e+03	2.043029999999999973e+02
5.557119999999999891e+03	2.043040000000000020e+02
5.562210000000000036e+03	2.043029999999999973e+02
5.567310000000000400e+03	2.043040000000000020e+02
5.572409999999999854e+03	2.043040000000000020e+02
5.577500000000000000e+03	2.043050000000000068e+02
5.582590000000000146e+03	2.043050000000000068e+02
5.587689999999999600e+03	2.043050000000000068e+02
5.592779999999999745e+03	2.043060000000000116e+02
5.597869999999999891e+03	2.043050000000000068e+02
5.602970000000000255e+03	2.043060000000000116e+02
5.608060000000000400e+03	2.043060000000000116e+02
5.613149999999999636e+03	2.043060000000000116e+02
5.618239999999999782e+03	2.043060000000000116e+02
5.623329999999999927e+03	2.043069999999999879e+02
5.628430000000000291e+03	2.043079999999999927e+02
5.633510000000000218e+03	2.043069999999999879e+02
5.638609999999999673e+03	2.043079999999999927e+02
5.643689999999999600e+03	2.043079999999999927e+02
5.648789999999999964e+03	2.043079999999999927e+02
5.653869999999999891e+03	2.043079999999999927e+02
5.658960000000000036e+03	2.043089999999999975e+02
5.664050000000000182e+03	2.043100000000000023e+02
5.669140000000000327e+03	2.043089999999999975e+02
5.674229999999999563e+03	2.043100000000000023e+02
5.679310000000000400e+03	2.043100000000000023e+02
5.684399999999999636e+03	2.043100000000000023e+02
5.689489999999999782e+03	2.043100000000000023e+02
5.694569999999999709e+03	2.043110000000000070e+02
5.699659999999999854e+03	2.043100000000000023e+02
5.704750000000000000e+03	2.043110000000000070e+02
5.709829999999999927e+03	2.043110000000000070e+02
5.714909999999999854e+03	2.043110000000000070e+02
5.720000000000000000e+03	2.043120000000000118e+02
5.725079999999999927e+03	2.043120000000000118e+02
5.730170000000000073e+03	2.043120000000000118e+02
5.735250000000000000e+03	2.043120000000000118e+02
5.740340000000000146e+03	2.043129999999999882e+02
5.745420000000000073e+03	2.043129999999999882e+02
5.750500000000000000e+03	2.043129999999999882e+02
5.755579999999999927e+03	2.043139999999999930e+02
5.760670000000000073e+03	2.043139999999999930e+02
5.765750000000000000e+03	2.043139999999999930e+02
5.770829999999999927e+03	2.043139999999999930e+02
5.775909999999999854e+03	2.043149999999999977e+02
5.780989999999999782e+03	2.043139999999999930e+02
5.786069999999999709e+03	2.043149999999999977e+02
5.791149999999999636e+03	2.043149999999999977e+02
5.796229999999999563e+03	2.043149999999999977e+02
5.801310000000000400e+03	2.043149999999999977e+02
5.806390000000000327e+03	2.043160000000000025e+02
5.811470000000000255e+03	2.043160000000000025e+02
5.816550000000000182e+03	2.043160000000000025e+02
5.821619999999999891e+03	2.043170000000000073e+02
5.826699999999999818e+03	2.043160000000000025e+02
5.831779999999999745e+03	2.043170000000000073e+02
5.836859999999999673e+03	2.043180000000000121e+02
5.841930000000000291e+03	2.043170000000000073e+02
5.847010000000000218e+03	2.043180000000000121e+02
5.852090000000000146e+03	2.043180000000000121e+02
5.857159999999999854e+03	2.043180000000000121e+02
5.862239999999999782e+03	2.043180000000000121e+02
5.867310000000000400e+03	2.043189999999999884e+02
5.872390000000000327e+03	2.043180000000000121e+02
5.877460000000000036e+03	2.043189999999999884e+02
5.882539999999999964e+03	2.043189999999999884e+02
5.887609999999999673e+03	2.043199999999999932e+02
5.892680000000000291e+03	2.043199999999999932e+02
5.897760000000000218e+03	2.043199999999999932e+02
5.902829999999999927e+03	2.043199999999999932e+02
5.907899999999999636e+03	2.043199999999999932e+02
5.912979999999999563e+03	2.043209999999999980e+02
5.918050000000000182e+03	2.043199999999999932e+02
5.923119999999999891e+03	2.043209999999999980e+02
5.928189999999999600e+03	2.043220000000000027e+02
5.933260000000000218e+03	2.043209999999999980e+02
5.938329999999999927e+03	2.043220000000000027e+02
5.943399999999999636e+03	2.043220000000000027e+02
5.948470000000000255e+03	2.043220000000000027e+02
5.953539999999999964e+03	2.043220000000000027e+02
5.958609999999999673e+03	2.043230000000000075e+02
5.963680000000000291e+03	2.043220000000000027e+02
5.968750000000000000e+03	2.043230000000000075e+02
5.973819999999999709e+03	2.043230000000000075e+02
5.978890000000000327e+03	2.043230000000000075e+02
5.983960000000000036e+03	2.043240000000000123e+02
5.989029999999999745e+03	2.043240000000000123e+02
5.994090000000000146e+03	2.043240000000000123e+02
5.999159999999999854e+03	2.043240000000000123e+02
6.004229999999999563e+03	2.043249999999999886e+02
6.009289999999999964e+03	2.043249999999999886e+02
6.014359999999999673e+03	2.043249999999999886e+02
6.019430000000000291e+03	2.043259999999999934e+02
6.024489999999999782e+03	2.043249999999999886e+02
6.029560000000000400e+03	2.043259999999999934e+02
6.034619999999999891e+03	2.043259999999999934e+02
6.039689999999999600e+03	2.043259999999999934e+02
6.044750000000000000e+03	2.043259999999999934e+02
6.049819999999999709e+03	2.043269999999999982e+02
6.054880000000000109e+03	2.043259999999999934e+02
6.059949999999999818e+03	2.043269999999999982e+02
6.065010000000000218e+03	2.043269999999999982e+02
6.070069999999999709e+03	2.043269999999999982e+02
6.075140000000000327e+03	2.043280000000000030e+02
6.080199999999999818e+03	2.043269999999999982e+02
6.085260000000000218e+03	2.043280000000000030e+02
6.090319999999999709e+03	2.043280000000000030e+02
6.095390000000000327e+03	2.043280000000000030e+02
6.100449999999999818e+03	2.043290000000000077e+02
6.105510000000000218e+03	2.043290000000000077e+02
6.110569999999999709e+03	2.043290000000000077e+02
6.115630000000000109e+03	2.043290000000000077e+02
6.120689999999999600e+03	2.043300000000000125e+02
6.125750000000000000e+03	2.043290000000000077e+02
6.130810000000000400e+03	2.043300000000000125e+02
6.135869999999999891e+03	2.043290000000000077e+02
6.140930000000000291e+03	2.043300000000000125e+02
6.145989999999999782e+03	2.043309999999999889e+02
6.151050000000000182e+03	2.043300000000000125e+02
6.156109999999999673e+03	2.043309999999999889e+02
6.161170000000000073e+03	2.043309999999999889e+02
6.166220000000000255e+03	2.043309999999999889e+02
6.171279999999999745e+03	2.043309999999999889e+02
6.176340000000000146e+03	2.043319999999999936e+02
6.181399999999999636e+03	2.043319999999999936e+02
6.186460000000000036e+03	2.043319999999999936e+02
6.191510000000000218e+03	2.043329999999999984e+02
6.196569999999999709e+03	2.043319999999999936e+02
6.201619999999999891e+03	2.043329999999999984e+02
6.206680000000000291e+03	2.043319999999999936e+02
6.211739999999999782e+03	2.043329999999999984e+02
6.216789999999999964e+03	2.043329999999999984e+02
6.221850000000000364e+03	2.043329999999999984e+02
6.226899999999999636e+03	2.043329999999999984e+02
6.231960000000000036e+03	2.043340000000000032e+02
6.237010000000000218e+03	2.043340000000000032e+02
6.242060000000000400e+03	2.043340000000000032e+02
6.247119999999999891e+03	2.043340000000000032e+02
6.252170000000000073e+03	2.043340000000000032e+02
6.257229999999999563e+03	2.043350000000000080e+02
6.262279999999999745e+03	2.043340000000000032e+02
6.267329999999999927e+03	2.043350000000000080e+02
6.272380000000000109e+03	2.043360000000000127e+02
6.277439999999999600e+03	2.043350000000000080e+02
6.282489999999999782e+03	2.043360000000000127e+02
6.287539999999999964e+03	2.043350000000000080e+02
6.292590000000000146e+03	2.043360000000000127e+02
6.297640000000000327e+03	2.043360000000000127e+02
6.302689999999999600e+03	2.043360000000000127e+02
6.307750000000000000e+03	2.043360000000000127e+02
6.312789999999999964e+03	2.043369999999999891e+02
6.317840000000000146e+03	2.043369999999999891e+02
6.322899999999999636e+03	2.043369999999999891e+02
6.327939999999999600e+03	2.043379999999999939e+02
6.332989999999999782e+03	2.043369999999999891e+02
6.338039999999999964e+03	2.043379999999999939e+02
6.343090000000000146e+03	2.043369999999999891e+02
6.348140000000000327e+03	2.043379999999999939e+02
6.353189999999999600e+03	2.043389999999999986e+02
6.358239999999999782e+03	2.043379999999999939e+02
6.363289999999999964e+03	2.043389999999999986e+02
6.368329999999999927e+03	2.043379999999999939e+02
6.373380000000000109e+03	2.043389999999999986e+02
6.378430000000000291e+03	2.043389999999999986e+02
6.383479999999999563e+03	2.043389999999999986e+02
6.388520000000000437e+03	2.043389999999999986e+02
6.393569999999999709e+03	2.043389999999999986e+02
6.398619999999999891e+03	2.043400000000000034e+02
6.403659999999999854e+03	2.043400000000000034e+02
6.408710000000000036e+03	2.043400000000000034e+02
6.413750000000000000e+03	2.043400000000000034e+02
6.418800000000000182e+03	2.043410000000000082e+02
6.423840000000000146e+03	2.043400000000000034e+02
6.428890000000000327e+03	2.043410000000000082e+02
6.433930000000000291e+03	2.043400000000000034e+02
6.438979999999999563e+03	2.043410000000000082e+02
6.444020000000000437e+03	2.043420000000000130e+02
6.449069999999999709e+03	2.043410000000000082e+02
6.454109999999999673e+03	2.043420000000000130e+02
6.459149999999999636e+03	2.043410000000000082e+02
6.464199999999999818e+03	2.043420000000000130e+02
6.469239999999999782e+03	2.043420000000000130e+02
6.474279999999999745e+03	2.043420000000000130e+02
6.479319999999999709e+03	2.043429999999999893e+02
6.484369999999999891e+03	2.043420000000000130e+02
6.489409999999999854e+03	2.043429999999999893e+02
6.494449999999999818e+03	2.043429999999999893e+02
6.499489999999999782e+03	2.043429999999999893e+02
6.504529999999999745e+03	2.043429999999999893e+02
6.509569999999999709e+03	2.043429999999999893e+02
6.514619999999999891e+03	2.043429999999999893e+02
6.519649999999999636e+03	2.043439999999999941e+02
6.524689999999999600e+03	2.043439999999999941e+02
6.529739999999999782e+03	2.043439999999999941e+02
6.534779999999999745e+03	2.043439999999999941e+02
6.539819999999999709e+03	2.043439999999999941e+02
6.544850000000000364e+03	2.043449999999999989e+02
6.549890000000000327e+03	2.043439999999999941e+02
6.554930000000000291e+03	2.043449999999999989e+02
6.559970000000000255e+03	2.043449999999999989e+02
6.565010000000000218e+03	2.043449999999999989e+02
6.570050000000000182e+03	2.043460000000000036e+02
6.575090000000000146e+03	2.043449999999999989e+02
6.580119999999999891e+03	2.043460000000000036e+02
6.585159999999999854e+03	2.043449999999999989e+02
6.590199999999999818e+03	2.043460000000000036e+02
6.595239999999999782e+03	2.043470000000000084e+02
6.600270000000000437e+03	2.043460000000000036e+02
6.605310000000000400e+03	2.043470000000000084e+02
6.610350000000000364e+03	2.043460000000000036e+02
6.615380000000000109e+03	2.043470000000000084e+02
6.620420000000000073e+03	2.043470000000000084e+02
6.625460000000000036e+03	2.043470000000000084e+02
6.630489999999999782e+03	2.043470000000000084e+02
6.635529999999999745e+03	2.043470000000000084e+02
6.640560000000000400e+03	2.043480000000000132e+02
6.645600000000000364e+03	2.043480000000000132e+02
6.650630000000000109e+03	2.043480000000000132e+02
6.655670000000000073e+03	2.043480000000000132e+02
6.660699999999999818e+03	2.043480000000000132e+02
6.665729999999999563e+03	2.043480000000000132e+02
6.670770000000000437e+03	2.043489999999999895e+02
6.675800000000000182e+03	2.043489999999999895e+02
6.680829999999999927e+03	2.043489999999999895e+02
6.685869999999999891e+03	2.043489999999999895e+02
6.690899999999999636e+03	2.043489999999999895e+02
6.695930000000000291e+03	2.043489999999999895e+02
6.700970000000000255e+03	2.043489999999999895e+02
6.706000000000000000e+03	2.043499999999999943e+02
6.711029999999999745e+03	2.043499999999999943e+02
6.716060000000000400e+03	2.043499999999999943e+02
6.721090000000000146e+03	2.043499999999999943e+02
6.726130000000000109e+03	2.043499999999999943e+02
6.731159999999999854e+03	2.043509999999999991e+02
6.736189999999999600e+03	2.043499999999999943e+02
6.741220000000000255e+03	2.043509999999999991e+02
6.746250000000000000e+03	2.043509999999999991e+02
6.751279999999999745e+03	2.043509999999999991e+02
6.756310000000000400e+03	2.043509999999999991e+02
6.761340000000000146e+03	2.043509999999999991e+02
6.766369999999999891e+03	2.043520000000000039e+02
6.771399999999999636e+03	2.043509999999999991e+02
6.776430000000000291e+03	2.043520000000000039e+02
6.781460000000000036e+03	2.043509999999999991e+02
6.786489999999999782e+03	2.043520000000000039e+02
6.791510000000000218e+03	2.043530000000000086e+02
6.796539999999999964e+03	2.043520000000000039e+02
6.801569999999999709e+03	2.043530000000000086e+02
6.806600000000000364e+03	2.043520000000000039e+02
6.811630000000000109e+03	2.043530000000000086e+02
6.816649999999999636e+03	2.043520000000000039e+02
6.821680000000000291e+03	2.043530000000000086e+02
6.826710000000000036e+03	2.043540000000000134e+02
6.831739999999999782e+03	2.043530000000000086e+02
6.836760000000000218e+03	2.043540000000000134e+02
6.841789999999999964e+03	2.043530000000000086e+02
6.846819999999999709e+03	2.043540000000000134e+02
6.851840000000000146e+03	2.043530000000000086e+02
6.856869999999999891e+03	2.043540000000000134e+02
6.861890000000000327e+03	2.043549999999999898e+02
6.866920000000000073e+03	2.043540000000000134e+02
6.871939999999999600e+03	2.043549999999999898e+02
6.876970000000000255e+03	2.043540000000000134e+02
6.882000000000000000e+03	2.043549999999999898e+02
6.887020000000000437e+03	2.043540000000000134e+02
6.892039999999999964e+03	2.043549999999999898e+02
6.897069999999999709e+03	2.043559999999999945e+02
6.902090000000000146e+03	2.043549999999999898e+02
6.907119999999999891e+03	2.043559999999999945e+02
6.912140000000000327e+03	2.043549999999999898e+02
6.917159999999999854e+03	2.043559999999999945e+02
6.922189999999999600e+03	2.043549999999999898e+02
6.927210000000000036e+03	2.043559999999999945e+02
6.932229999999999563e+03	2.043549999999999898e+02
6.937260000000000218e+03	2.043559999999999945e+02
6.942279999999999745e+03	2.043569999999999993e+02
6.947300000000000182e+03	2.043559999999999945e+02
6.952319999999999709e+03	2.043569999999999993e+02
6.957340000000000146e+03	2.043559999999999945e+02
6.962369999999999891e+03	2.043569999999999993e+02
6.967390000000000327e+03	2.043569999999999993e+02
6.972409999999999854e+03	2.043569999999999993e+02
6.977430000000000291e+03	2.043580000000000041e+02
6.982449999999999818e+03	2.043569999999999993e+02
6.987470000000000255e+03	2.043580000000000041e+02
6.992489999999999782e+03	2.043569999999999993e+02
6.997510000000000218e+03	2.043580000000000041e+02
7.002529999999999745e+03	2.043580000000000041e+02
7.007550000000000182e+03	2.043580000000000041e+02
7.012569999999999709e+03	2.043580000000000041e+02
7.017590000000000146e+03	2.043580000000000041e+02
7.022609999999999673e+03	2.043590000000000089e+02
7.027630000000000109e+03	2.043580000000000041e+02
7.032649999999999636e+03	2.043590000000000089e+02
7.037670000000000073e+03	2.043590000000000089e+02
7.042689999999999600e+03	2.043590000000000089e+02
7.047710000000000036e+03	2.043590000000000089e+02
7.052729999999999563e+03	2.043590000000000089e+02
7.057739999999999782e+03	2.043590000000000089e+02
7.062760000000000218e+03	2.043590000000000089e+02
7.067779999999999745e+03	2.043600000000000136e+02
7.072800000000000182e+03	2.043600000000000136e+02
7.077810000000000400e+03	2.043600000000000136e+02
7.082829999999999927e+03	2.043600000000000136e+02
7.087850000000000364e+03	2.043600000000000136e+02
7.092859999999999673e+03	2.043600000000000136e+02
7.097880000000000109e+03	2.043600000000000136e+02
7.102899999999999636e+03	2.043600000000000136e+02
7.107909999999999854e+03	2.043609999999999900e+02
7.112930000000000291e+03	2.043600000000000136e+02
7.117939999999999600e+03	2.043609999999999900e+02
7.122960000000000036e+03	2.043609999999999900e+02
7.127970000000000255e+03	2.043609999999999900e+02
7.132989999999999782e+03	2.043609999999999900e+02
7.138000000000000000e+03	2.043609999999999900e+02
7.143020000000000437e+03	2.043619999999999948e+02
7.148029999999999745e+03	2.043609999999999900e+02
7.153050000000000182e+03	2.043619999999999948e+02
7.158060000000000400e+03	2.043609999999999900e+02
7.163079999999999927e+03	2.043619999999999948e+02
7.168090000000000146e+03	2.043619999999999948e+02
7.173100000000000364e+03	2.043619999999999948e+02
7.178119999999999891e+03	2.043629999999999995e+02
7.183130000000000109e+03	2.043619999999999948e+02
7.188140000000000327e+03	2.043629999999999995e+02
7.193159999999999854e+03	2.043619999999999948e+02
7.198170000000000073e+03	2.043629999999999995e+02
7.203180000000000291e+03	2.043629999999999995e+02
7.208189999999999600e+03	2.043629999999999995e+02
7.213210000000000036e+03	2.043629999999999995e+02
7.218220000000000255e+03	2.043629999999999995e+02
7.223229999999999563e+03	2.043640000000000043e+02
7.228239999999999782e+03	2.043629999999999995e+02
7.233250000000000000e+03	2.043640000000000043e+02
7.238260000000000218e+03	2.043640000000000043e+02
7.243279999999999745e+03	2.043640000000000043e+02
7.248279999999999745e+03	2.043640000000000043e+02
7.253300000000000182e+03	2.043640000000000043e+02
7.258310000000000400e+03	2.043640000000000043e+02
7.263319999999999709e+03	2.043650000000000091e+02
7.268329999999999927e+03	2.043640000000000043e+02
7.273340000000000146e+03	2.043650000000000091e+02
7.278350000000000364e+03	2.043640000000000043e+02
7.283359999999999673e+03	2.043650000000000091e+02
7.288369999999999891e+03	2.043650000000000091e+02
7.293380000000000109e+03	2.043650000000000091e+02
7.298380000000000109e+03	2.043660000000000139e+02
7.303390000000000327e+03	2.043650000000000091e+02
7.308399999999999636e+03	2.043660000000000139e+02
7.313409999999999854e+03	2.043650000000000091e+02
7.318420000000000073e+03	2.043660000000000139e+02
7.323430000000000291e+03	2.043650000000000091e+02
7.328430000000000291e+03	2.043660000000000139e+02
7.333439999999999600e+03	2.043660000000000139e+02
7.338449999999999818e+03	2.043660000000000139e+02
7.343460000000000036e+03	2.043660000000000139e+02
7.348460000000000036e+03	2.043660000000000139e+02
7.353470000000000255e+03	2.043660000000000139e+02
7.358479999999999563e+03	2.043669999999999902e+02
7.363479999999999563e+03	2.043669999999999902e+02
7.368489999999999782e+03	2.043669999999999902e+02
7.373500000000000000e+03	2.043669999999999902e+02
7.378500000000000000e+03	2.043669999999999902e+02
7.383510000000000218e+03	2.043669999999999902e+02
7.388520000000000437e+03	2.043669999999999902e+02
7.393520000000000437e+03	2.043679999999999950e+02
7.398529999999999745e+03	2.043669999999999902e+02
7.403529999999999745e+03	2.043679999999999950e+02
7.408539999999999964e+03	2.043669999999999902e+02
7.413539999999999964e+03	2.043679999999999950e+02
7.418550000000000182e+03	2.043679999999999950e+02
7.423550000000000182e+03	2.043679999999999950e+02
7.428560000000000400e+03	2.043679999999999950e+02
7.433560000000000400e+03	2.043679999999999950e+02
7.438560000000000400e+03	2.043679999999999950e+02
7.443569999999999709e+03	2.043679999999999950e+02
7.448569999999999709e+03	2.043679999999999950e+02
7.453579999999999927e+03	2.043689999999999998e+02
7.458579999999999927e+03	2.043689999999999998e+02
7.463579999999999927e+03	2.043689999999999998e+02
7.468590000000000146e+03	2.043689999999999998e+02
7.473590000000000146e+03	2.043689999999999998e+02
7.478590000000000146e+03	2.043700000000000045e+02
7.483590000000000146e+03	2.043689999999999998e+02
7.488590000000000146e+03	2.043700000000000045e+02
7.493600000000000364e+03	2.043689999999999998e+02
7.498600000000000364e+03	2.043700000000000045e+02
7.503600000000000364e+03	2.043689999999999998e+02
7.508600000000000364e+03	2.043700000000000045e+02
7.513600000000000364e+03	2.043700000000000045e+02
7.518609999999999673e+03	2.043700000000000045e+02
7.523609999999999673e+03	2.043700000000000045e+02
7.528609999999999673e+03	2.043700000000000045e+02
7.533609999999999673e+03	2.043700000000000045e+02
7.538609999999999673e+03	2.043700000000000045e+02
7.543609999999999673e+03	2.043700000000000045e+02
7.548609999999999673e+03	2.043710000000000093e+02
7.553609999999999673e+03	2.043700000000000045e+02
7.558609999999999673e+03	2.043710000000000093e+02
7.563609999999999673e+03	2.043700000000000045e+02
7.568609999999999673e+03	2.043710000000000093e+02
7.573609999999999673e+03	2.043720000000000141e+02
7.578609999999999673e+03	2.043710000000000093e+02
7.583609999999999673e+03	2.043720000000000141e+02
7.588600000000000364e+03	2.043710000000000093e+02
7.593600000000000364e+03	2.043720000000000141e+02
7.598600000000000364e+03	2.043720000000000141e+02
7.603600000000000364e+03	2.043720000000000141e+02
7.608600000000000364e+03	2.043720000000000141e+02
7.613590000000000146e+03	2.043720000000000141e+02
7.618590000000000146e+03	2.043720000000000141e+02
7.623590000000000146e+03	2.043720000000000141e+02
7.628590000000000146e+03	2.043720000000000141e+02
7.633590000000000146e+03	2.043729999999999905e+02
7.638579999999999927e+03	2.043720000000000141e+02
7.643579999999999927e+03	2.043729999999999905e+02
7.648579999999999927e+03	2.043729999999999905e+02
7.653569999999999709e+03	2.043729999999999905e+02
7.658569999999999709e+03	2.043720000000000141e+02
